2816
3752
1229
4612
1796
2117
801
736
1072
896
3540
8184
2363
1388
835
839
1353
242
4283
1652
3838
7207
1096
723
2383
4161
1278
2752
1680
1826
1285
2904
623
756
1401
1872
973
10406
16018
944
1281
5863
1669
2515
555
5667
12035
983
8425
307
3486
19952
1432
9570
4289
19933
8841
3649
1653
24119
15166
5502
1846
2382
2565
1684
2506
3001
362
3481
2541
17445
5819
4348
2257
2057
2425
724
15422
2940
942
889
958
299
1266
213
804
711
6065
3130
1208
5522
7997
203
4961
2479
546
2039
3304
695
244
3410
9346
869
907
769
15563
742
3448
5689
843
553
4519
1046
2525
1131
3188
2568
4220
20153
2039
3966
2825
2850
700
1410
7284
1861
290
1722
321
2633
16003
5272
867
1604
2911
5762
3562
2229
1122
236
226
3571
22167
2017
8948
769
1155
1843
2411
2836
10659
6125
5506
2868
4218
671
7229
639
385
3201
5163
795
1965
1636
7376
5470
722
9581
8641
607
1324
1373
1559
9232
4506
2592
1887
7813
330
2529
2472
878
848
1073
1549
6349
5147
1528
3917
382
9575
160
1231
5895
8226
1070
1094
7047
4079
55207
11180
5231
4463
19115
1205
709
959
3190
1256
23293
773
5586
3093
1106
601
1076
1263
182
3141
6999
554
1231
1254
12643
8139
1052
4467
3733
1931
1702
15705
12005
2392
22076
2955
6276
4848
7230
215
2369
2806
3387
846
6029
3583
2856
10048
5159
1218
1547
720
16686
1378
1227
12631
1486
670
5676
1384
4854
442
725
13518
450
4658
1087
1030
3087
843
2182
765
5302
16588
14195
1486
560
4618
430
1665
1232
8301
805
1575
559
2847
4590
738
4383
512
7502
641
3232
2246
514
2558
3415
3952
13254
15010
10604
2054
4687
5199
8576
12773
1765
7146
3518
3835
2027
1901
575
1322
1744
3118
4051
12243
800
13419
4713
284
16525
2988
25594
4175
585
3516
4037
3325
288
1266
8229
15807
1883
2468
15890
473
11320
4895
2262
2784
4958
9982
8120
1575
3453
1548
13745
51747
5420
2340
2275
9207
3215
941
4262
18091
5339
2174
7559
19765
1454
1278
3782
9675
818
1010
390
3594
12431
332
885
1398
541
3653
6096
377
3639
14636
1324
3207
7454
492
1636
19311
2743
27896
457
1205
520
3324
3485
4641
3766
16732
4447
376
622
3361
2251
3824
710
11159
517
8461
4845
16997
1530
280
5197
1804
885
2964
1752
4986
1781
1722
1706
962
542
6816
1979
9465
735
27227
2461
2550
8335
8374
36867
853
971
1392
1897
1296
257
4491
2975
888
1742
11694
3552
375
1894
808
1018
669
793
2826
3365
3918
919
723
4361
130
1197
1339
4843
4184
8615
2232
3159
2312
448
2538
918
702
880
16173
200
1815
5914
10138
575
2191
652
2190
327
2373
1668
10026
716
2415
946
11022
8256
2046
8001
5960
2766
367
756
4979
3968
10715
782
767
4761
2155
1716
2008
537
12738
24625
5609
4051
2933
1285
1074
694
4260
7043
1490
819
444
7251
3828
2210
858
50815
1676
3192
14288
4342
13759
9985
583
4022
7052
5382
8967
204
3687
3182
3080
2212
10042
2483
5855
1459
5352
6342
2285
4585
1278
21802
1500
10411
2485
6405
3391
9802
5503
7162
1336
1952
6851
13234
11793
2826
4108
5213
720
699
1452
2663
4832
1733
4021
1157
1420
3209
2117
5357
11355
774
465
5514
9076
6199
14544
3356
457
5955
1788
827
3122
9417
732
557
272
5195
1278
1588
4682
6959
4754
5116
517
2043
6660
670
48828
2142
9802
3522
534
6456
5198
9169
3535
3033
1439
1006
16085
3009
1185
582
3012
5380
2800
1928
4614
2732
6056
795
10592
8330
3354
170
7263
6445
1004
1862
1610
5185
3175
4031
1954
979
5779
3194
3698
2149
716
6723
1345
762
13270
3684
5016
6385
769
751
3878
678
3353
3701
367
17232
19681
762
1215
4431
2440
3071
740
1040
2751
2415
6322
2656
12304
335
597
4237
631
986
12044
2495
2863
5434
1959
918
1647
2528
440
3446
735
1320
1350
2318
536
6974
5976
825
1162
740
860
7533
9217
1549
1919
1381
5194
6657
783
278
749
708
6916
3030
233
8325
502
1039
365
3245
5887
5663
1307
6327
19247
6293
5700
782
2494
1925
3349
9326
3017
15856
6481
831
556
10158
702
47056
548
2299
12318
3349
6626
5407
413
799
20089
1064
1109
487
1343
13041
2965
309
1138
6367
2711
16226
7115
2274
7696
2323
1125
1680
4936
4304
3489
4759
2795
4845
255
891
1315
3043
1665
1591
1093
17281
3184
1289
1062
1412
602
12633
232
780
261
1954
1047
769
3525
1098
2458
2066
804
1430
1705
2655
4480
2443
2635
1207
15148
3491
1091
990
3566
2386
340
4022
1973
7965
5171
5467
157
10304
995
1017
589
3022
7036
7017
4231
1493
852
556
6987
397
1395
463
1319
4172
2057
15758
492
3227
35274
1007
728
1095
21122
54853
14842
2185
7784
1074
1400
1475
3264
1063
23431
1347
2578
4054
15075
8024
3976
7240
1163
9473
5472
843
4035
2047
16159
1740
6738
394
934
12604
2902
13683
15412
994
9378
15425
3273
156
2288
8765
1802
2163
720
2242
2544
624
8495
382
784
1831
2243
2678
3842
2063
2590
6918
801
12482
4435
5737
461
12012
1010
1963
1000
16651
6410
4392
2032
10748
970
1046
4198
1639
999
8439
2934
2589
2974
17673
3486
5339
4337
2659
2766
24028
6374
528
2482
7817
288
1536
4596
4234
3790
5597
1585
4047
6867
9472
22710
2359
3025
1570
2057
2288
329
664
1595
12114
968
380
3572
10008
6431
16389
403
978
299
6842
20306
1617
826
626
14143
3702
3924
11257
1740
6268
6256
504
466
6405
3764
4315
3010
5519
399
5068
993
682
1465
3134
3251
1621
1032
454
9628
5977
1877
4298
1407
3430
2581
605
4150
672
3112
274
1709
2475
7433
935
1153
2292
13859
4310
3167
1621
11098
2999
8051
801
16054
9318
1617
2801
4157
2021
1355
1807
11364
2428
694
8214
1457
1984
2152
3600
276
2425
814
3176
2511
25993
1318
2094
1818
7555
8566
7072
774
1389
522
4382
1217
3672
40438
8380
1083
2530
14850
1508
1726
2024
3969
1302
334
1523
3568
2275
824
1012
588
434
1350
921
2236
5252
2376
8218
1494
3023
2115
1752
3733
1283
2881
791
5901
5258
2160
15627
17686
1470
2369
2006
1220
5455
671
2284
3277
2603
2528
7765
7265
3224
1157
403
2445
9832
2430
1494
1474
4701
2903
3748
2724
1139
2298
3989
7342
14236
338
5593
9405
3360
6799
800
389
137
1750
1420
14722
4633
1413
10294
4695
2130
3571
2752
2496
12436
997
9054
6475
1996
1565
10460
34382
513
1888
492
1210
3000
182
4559
3854
2528
1020
3059
10236
4587
2494
7938
806
5632
28050
4079
1467
888
4086
10268
1004
4639
9488
5794
37795
307
2163
1930
1994
699
35784
2619
584
2422
1534
4862
904
5688
21005
913
6279
4286
5116
5663
3320
12977
209
1210
3141
11019
1881
1209
4904
2166
1131
9838
2338
1146
1457
590
5655
868
581
21091
6884
15973
22975
2728
5082
1256
750
1461
3840
3407
7736
4001
15285
2940
2894
1136
16072
1462
2564
2172
2782
2146
2463
729
908
863
3889
2229
1898
3991
12146
12157
2352
745
31231
545
4968
978
14286
13952
968
701
1722
9416
1401
2144
1735
1551
2089
1623
753
24842
